adaline_0.1: 17.148131
adaline_0.01: 17.863429
adaline_0.001: 17.661104
adaline_0.0001: 19.784852
sigmoid_0.1: 15.541546
sigmoid_0.01: 16.404867
sigmoid_0.001: 15.670510
sigmoid_0.0001: 15.650824
