adaline_0.1: 17.126682
adaline_0.01: 17.537116
adaline_0.001: 17.611768
adaline_0.0001: 19.758947
sigmoid_0.1: 15.512066
sigmoid_0.01: 16.328749
sigmoid_0.001: 15.667724
sigmoid_0.0001: 15.650581
