adaline_0.1: 26.395637
adaline_0.01: 17.765726
adaline_0.001: 17.135490
adaline_0.0001: 17.146740
sigmoid_0.1: 15.444144
sigmoid_0.01: 15.445011
sigmoid_0.001: 15.448871
sigmoid_0.0001: 15.482341
